n=100, m=200, GSAT Success: 0.0%, WalkSAT Success: 92.0%, Time: 16.36 seconds
n=100, m=250, GSAT Success: 0.0%, WalkSAT Success: 56.49999999999999%, Time: 17.02 seconds
n=100, m=300, GSAT Success: 0.0%, WalkSAT Success: 28.999999999999996%, Time: 17.59 seconds
